{
 "cells": [
  {
   "cell_type": "code",
   "execution_count": 2,
   "metadata": {},
   "outputs": [],
   "source": [
    "import pandas as pd\n",
    "import numpy as np\n",
    "import matplotlib.pyplot as plt"
   ]
  },
  {
   "cell_type": "code",
   "execution_count": 11,
   "metadata": {},
   "outputs": [],
   "source": [
    "df = pd.read_csv('../data/generated_data_2.csv')"
   ]
  },
  {
   "cell_type": "code",
   "execution_count": 12,
   "metadata": {},
   "outputs": [
    {
     "data": {
      "text/html": [
       "<div>\n",
       "<style scoped>\n",
       "    .dataframe tbody tr th:only-of-type {\n",
       "        vertical-align: middle;\n",
       "    }\n",
       "\n",
       "    .dataframe tbody tr th {\n",
       "        vertical-align: top;\n",
       "    }\n",
       "\n",
       "    .dataframe thead th {\n",
       "        text-align: right;\n",
       "    }\n",
       "</style>\n",
       "<table border=\"1\" class=\"dataframe\">\n",
       "  <thead>\n",
       "    <tr style=\"text-align: right;\">\n",
       "      <th></th>\n",
       "      <th>id</th>\n",
       "      <th>machine_id</th>\n",
       "      <th>cpu_util</th>\n",
       "      <th>mem_used</th>\n",
       "      <th>mem_specs</th>\n",
       "      <th>date</th>\n",
       "    </tr>\n",
       "  </thead>\n",
       "  <tbody>\n",
       "    <tr>\n",
       "      <th>0</th>\n",
       "      <td>177</td>\n",
       "      <td>1</td>\n",
       "      <td>8.914219</td>\n",
       "      <td>1.677722e+07</td>\n",
       "      <td>16777216.0</td>\n",
       "      <td>2023-12-02 23:16:35.666000</td>\n",
       "    </tr>\n",
       "    <tr>\n",
       "      <th>1</th>\n",
       "      <td>178</td>\n",
       "      <td>1</td>\n",
       "      <td>23.125668</td>\n",
       "      <td>1.500607e+07</td>\n",
       "      <td>16777216.0</td>\n",
       "      <td>2023-12-02 23:11:35.666000</td>\n",
       "    </tr>\n",
       "    <tr>\n",
       "      <th>2</th>\n",
       "      <td>179</td>\n",
       "      <td>1</td>\n",
       "      <td>31.401498</td>\n",
       "      <td>1.366537e+07</td>\n",
       "      <td>16777216.0</td>\n",
       "      <td>2023-12-02 23:06:35.666000</td>\n",
       "    </tr>\n",
       "    <tr>\n",
       "      <th>3</th>\n",
       "      <td>180</td>\n",
       "      <td>1</td>\n",
       "      <td>37.512385</td>\n",
       "      <td>1.392484e+07</td>\n",
       "      <td>16777216.0</td>\n",
       "      <td>2023-12-02 23:01:35.666000</td>\n",
       "    </tr>\n",
       "    <tr>\n",
       "      <th>4</th>\n",
       "      <td>181</td>\n",
       "      <td>1</td>\n",
       "      <td>33.283809</td>\n",
       "      <td>1.571918e+07</td>\n",
       "      <td>16777216.0</td>\n",
       "      <td>2023-12-02 22:56:35.666000</td>\n",
       "    </tr>\n",
       "  </tbody>\n",
       "</table>\n",
       "</div>"
      ],
      "text/plain": [
       "    id  machine_id   cpu_util      mem_used   mem_specs  \\\n",
       "0  177           1   8.914219  1.677722e+07  16777216.0   \n",
       "1  178           1  23.125668  1.500607e+07  16777216.0   \n",
       "2  179           1  31.401498  1.366537e+07  16777216.0   \n",
       "3  180           1  37.512385  1.392484e+07  16777216.0   \n",
       "4  181           1  33.283809  1.571918e+07  16777216.0   \n",
       "\n",
       "                         date  \n",
       "0  2023-12-02 23:16:35.666000  \n",
       "1  2023-12-02 23:11:35.666000  \n",
       "2  2023-12-02 23:06:35.666000  \n",
       "3  2023-12-02 23:01:35.666000  \n",
       "4  2023-12-02 22:56:35.666000  "
      ]
     },
     "execution_count": 12,
     "metadata": {},
     "output_type": "execute_result"
    }
   ],
   "source": [
    "df.head()"
   ]
  },
  {
   "cell_type": "code",
   "execution_count": 13,
   "metadata": {},
   "outputs": [
    {
     "data": {
      "text/html": [
       "<div>\n",
       "<style scoped>\n",
       "    .dataframe tbody tr th:only-of-type {\n",
       "        vertical-align: middle;\n",
       "    }\n",
       "\n",
       "    .dataframe tbody tr th {\n",
       "        vertical-align: top;\n",
       "    }\n",
       "\n",
       "    .dataframe thead th {\n",
       "        text-align: right;\n",
       "    }\n",
       "</style>\n",
       "<table border=\"1\" class=\"dataframe\">\n",
       "  <thead>\n",
       "    <tr style=\"text-align: right;\">\n",
       "      <th></th>\n",
       "      <th>machine_id</th>\n",
       "      <th>cpu_util</th>\n",
       "      <th>mem_used</th>\n",
       "      <th>mem_specs</th>\n",
       "      <th>date</th>\n",
       "    </tr>\n",
       "    <tr>\n",
       "      <th>id</th>\n",
       "      <th></th>\n",
       "      <th></th>\n",
       "      <th></th>\n",
       "      <th></th>\n",
       "      <th></th>\n",
       "    </tr>\n",
       "  </thead>\n",
       "  <tbody>\n",
       "    <tr>\n",
       "      <th>177</th>\n",
       "      <td>1</td>\n",
       "      <td>8.914219</td>\n",
       "      <td>1.677722e+07</td>\n",
       "      <td>16777216.0</td>\n",
       "      <td>2023-12-02 23:16:35.666000</td>\n",
       "    </tr>\n",
       "    <tr>\n",
       "      <th>178</th>\n",
       "      <td>1</td>\n",
       "      <td>23.125668</td>\n",
       "      <td>1.500607e+07</td>\n",
       "      <td>16777216.0</td>\n",
       "      <td>2023-12-02 23:11:35.666000</td>\n",
       "    </tr>\n",
       "    <tr>\n",
       "      <th>179</th>\n",
       "      <td>1</td>\n",
       "      <td>31.401498</td>\n",
       "      <td>1.366537e+07</td>\n",
       "      <td>16777216.0</td>\n",
       "      <td>2023-12-02 23:06:35.666000</td>\n",
       "    </tr>\n",
       "    <tr>\n",
       "      <th>180</th>\n",
       "      <td>1</td>\n",
       "      <td>37.512385</td>\n",
       "      <td>1.392484e+07</td>\n",
       "      <td>16777216.0</td>\n",
       "      <td>2023-12-02 23:01:35.666000</td>\n",
       "    </tr>\n",
       "    <tr>\n",
       "      <th>181</th>\n",
       "      <td>1</td>\n",
       "      <td>33.283809</td>\n",
       "      <td>1.571918e+07</td>\n",
       "      <td>16777216.0</td>\n",
       "      <td>2023-12-02 22:56:35.666000</td>\n",
       "    </tr>\n",
       "    <tr>\n",
       "      <th>...</th>\n",
       "      <td>...</td>\n",
       "      <td>...</td>\n",
       "      <td>...</td>\n",
       "      <td>...</td>\n",
       "      <td>...</td>\n",
       "    </tr>\n",
       "    <tr>\n",
       "      <th>49996</th>\n",
       "      <td>1</td>\n",
       "      <td>67.551178</td>\n",
       "      <td>3.715044e+06</td>\n",
       "      <td>16777216.0</td>\n",
       "      <td>2023-06-12 23:41:32.383000</td>\n",
       "    </tr>\n",
       "    <tr>\n",
       "      <th>49997</th>\n",
       "      <td>1</td>\n",
       "      <td>62.130939</td>\n",
       "      <td>5.589846e+06</td>\n",
       "      <td>16777216.0</td>\n",
       "      <td>2023-06-12 23:36:32.383000</td>\n",
       "    </tr>\n",
       "    <tr>\n",
       "      <th>49998</th>\n",
       "      <td>1</td>\n",
       "      <td>92.371364</td>\n",
       "      <td>9.430799e+06</td>\n",
       "      <td>16777216.0</td>\n",
       "      <td>2023-06-12 23:31:32.383000</td>\n",
       "    </tr>\n",
       "    <tr>\n",
       "      <th>49999</th>\n",
       "      <td>1</td>\n",
       "      <td>80.201147</td>\n",
       "      <td>6.094407e+04</td>\n",
       "      <td>16777216.0</td>\n",
       "      <td>2023-06-12 23:26:32.383000</td>\n",
       "    </tr>\n",
       "    <tr>\n",
       "      <th>50000</th>\n",
       "      <td>1</td>\n",
       "      <td>75.385765</td>\n",
       "      <td>5.116309e+06</td>\n",
       "      <td>16777216.0</td>\n",
       "      <td>2023-06-12 23:21:32.383000</td>\n",
       "    </tr>\n",
       "  </tbody>\n",
       "</table>\n",
       "<p>49824 rows × 5 columns</p>\n",
       "</div>"
      ],
      "text/plain": [
       "       machine_id   cpu_util      mem_used   mem_specs  \\\n",
       "id                                                       \n",
       "177             1   8.914219  1.677722e+07  16777216.0   \n",
       "178             1  23.125668  1.500607e+07  16777216.0   \n",
       "179             1  31.401498  1.366537e+07  16777216.0   \n",
       "180             1  37.512385  1.392484e+07  16777216.0   \n",
       "181             1  33.283809  1.571918e+07  16777216.0   \n",
       "...           ...        ...           ...         ...   \n",
       "49996           1  67.551178  3.715044e+06  16777216.0   \n",
       "49997           1  62.130939  5.589846e+06  16777216.0   \n",
       "49998           1  92.371364  9.430799e+06  16777216.0   \n",
       "49999           1  80.201147  6.094407e+04  16777216.0   \n",
       "50000           1  75.385765  5.116309e+06  16777216.0   \n",
       "\n",
       "                             date  \n",
       "id                                 \n",
       "177    2023-12-02 23:16:35.666000  \n",
       "178    2023-12-02 23:11:35.666000  \n",
       "179    2023-12-02 23:06:35.666000  \n",
       "180    2023-12-02 23:01:35.666000  \n",
       "181    2023-12-02 22:56:35.666000  \n",
       "...                           ...  \n",
       "49996  2023-06-12 23:41:32.383000  \n",
       "49997  2023-06-12 23:36:32.383000  \n",
       "49998  2023-06-12 23:31:32.383000  \n",
       "49999  2023-06-12 23:26:32.383000  \n",
       "50000  2023-06-12 23:21:32.383000  \n",
       "\n",
       "[49824 rows x 5 columns]"
      ]
     },
     "execution_count": 13,
     "metadata": {},
     "output_type": "execute_result"
    }
   ],
   "source": [
    "df.set_index('id')"
   ]
  },
  {
   "cell_type": "code",
   "execution_count": 14,
   "metadata": {},
   "outputs": [],
   "source": [
    "df['date'] = pd.to_datetime(df['date'])"
   ]
  },
  {
   "cell_type": "code",
   "execution_count": 15,
   "metadata": {},
   "outputs": [
    {
     "data": {
      "text/html": [
       "<div>\n",
       "<style scoped>\n",
       "    .dataframe tbody tr th:only-of-type {\n",
       "        vertical-align: middle;\n",
       "    }\n",
       "\n",
       "    .dataframe tbody tr th {\n",
       "        vertical-align: top;\n",
       "    }\n",
       "\n",
       "    .dataframe thead th {\n",
       "        text-align: right;\n",
       "    }\n",
       "</style>\n",
       "<table border=\"1\" class=\"dataframe\">\n",
       "  <thead>\n",
       "    <tr style=\"text-align: right;\">\n",
       "      <th></th>\n",
       "      <th>id</th>\n",
       "      <th>machine_id</th>\n",
       "      <th>cpu_util</th>\n",
       "      <th>mem_used</th>\n",
       "      <th>mem_specs</th>\n",
       "      <th>date</th>\n",
       "    </tr>\n",
       "  </thead>\n",
       "  <tbody>\n",
       "    <tr>\n",
       "      <th>0</th>\n",
       "      <td>177</td>\n",
       "      <td>1</td>\n",
       "      <td>8.914219</td>\n",
       "      <td>1.677722e+07</td>\n",
       "      <td>16777216.0</td>\n",
       "      <td>2023-12-02 23:16:35.666</td>\n",
       "    </tr>\n",
       "    <tr>\n",
       "      <th>1</th>\n",
       "      <td>178</td>\n",
       "      <td>1</td>\n",
       "      <td>23.125668</td>\n",
       "      <td>1.500607e+07</td>\n",
       "      <td>16777216.0</td>\n",
       "      <td>2023-12-02 23:11:35.666</td>\n",
       "    </tr>\n",
       "    <tr>\n",
       "      <th>2</th>\n",
       "      <td>179</td>\n",
       "      <td>1</td>\n",
       "      <td>31.401498</td>\n",
       "      <td>1.366537e+07</td>\n",
       "      <td>16777216.0</td>\n",
       "      <td>2023-12-02 23:06:35.666</td>\n",
       "    </tr>\n",
       "    <tr>\n",
       "      <th>3</th>\n",
       "      <td>180</td>\n",
       "      <td>1</td>\n",
       "      <td>37.512385</td>\n",
       "      <td>1.392484e+07</td>\n",
       "      <td>16777216.0</td>\n",
       "      <td>2023-12-02 23:01:35.666</td>\n",
       "    </tr>\n",
       "    <tr>\n",
       "      <th>4</th>\n",
       "      <td>181</td>\n",
       "      <td>1</td>\n",
       "      <td>33.283809</td>\n",
       "      <td>1.571918e+07</td>\n",
       "      <td>16777216.0</td>\n",
       "      <td>2023-12-02 22:56:35.666</td>\n",
       "    </tr>\n",
       "    <tr>\n",
       "      <th>...</th>\n",
       "      <td>...</td>\n",
       "      <td>...</td>\n",
       "      <td>...</td>\n",
       "      <td>...</td>\n",
       "      <td>...</td>\n",
       "      <td>...</td>\n",
       "    </tr>\n",
       "    <tr>\n",
       "      <th>49819</th>\n",
       "      <td>49996</td>\n",
       "      <td>1</td>\n",
       "      <td>67.551178</td>\n",
       "      <td>3.715044e+06</td>\n",
       "      <td>16777216.0</td>\n",
       "      <td>2023-06-12 23:41:32.383</td>\n",
       "    </tr>\n",
       "    <tr>\n",
       "      <th>49820</th>\n",
       "      <td>49997</td>\n",
       "      <td>1</td>\n",
       "      <td>62.130939</td>\n",
       "      <td>5.589846e+06</td>\n",
       "      <td>16777216.0</td>\n",
       "      <td>2023-06-12 23:36:32.383</td>\n",
       "    </tr>\n",
       "    <tr>\n",
       "      <th>49821</th>\n",
       "      <td>49998</td>\n",
       "      <td>1</td>\n",
       "      <td>92.371364</td>\n",
       "      <td>9.430799e+06</td>\n",
       "      <td>16777216.0</td>\n",
       "      <td>2023-06-12 23:31:32.383</td>\n",
       "    </tr>\n",
       "    <tr>\n",
       "      <th>49822</th>\n",
       "      <td>49999</td>\n",
       "      <td>1</td>\n",
       "      <td>80.201147</td>\n",
       "      <td>6.094407e+04</td>\n",
       "      <td>16777216.0</td>\n",
       "      <td>2023-06-12 23:26:32.383</td>\n",
       "    </tr>\n",
       "    <tr>\n",
       "      <th>49823</th>\n",
       "      <td>50000</td>\n",
       "      <td>1</td>\n",
       "      <td>75.385765</td>\n",
       "      <td>5.116309e+06</td>\n",
       "      <td>16777216.0</td>\n",
       "      <td>2023-06-12 23:21:32.383</td>\n",
       "    </tr>\n",
       "  </tbody>\n",
       "</table>\n",
       "<p>49824 rows × 6 columns</p>\n",
       "</div>"
      ],
      "text/plain": [
       "          id  machine_id   cpu_util      mem_used   mem_specs  \\\n",
       "0        177           1   8.914219  1.677722e+07  16777216.0   \n",
       "1        178           1  23.125668  1.500607e+07  16777216.0   \n",
       "2        179           1  31.401498  1.366537e+07  16777216.0   \n",
       "3        180           1  37.512385  1.392484e+07  16777216.0   \n",
       "4        181           1  33.283809  1.571918e+07  16777216.0   \n",
       "...      ...         ...        ...           ...         ...   \n",
       "49819  49996           1  67.551178  3.715044e+06  16777216.0   \n",
       "49820  49997           1  62.130939  5.589846e+06  16777216.0   \n",
       "49821  49998           1  92.371364  9.430799e+06  16777216.0   \n",
       "49822  49999           1  80.201147  6.094407e+04  16777216.0   \n",
       "49823  50000           1  75.385765  5.116309e+06  16777216.0   \n",
       "\n",
       "                         date  \n",
       "0     2023-12-02 23:16:35.666  \n",
       "1     2023-12-02 23:11:35.666  \n",
       "2     2023-12-02 23:06:35.666  \n",
       "3     2023-12-02 23:01:35.666  \n",
       "4     2023-12-02 22:56:35.666  \n",
       "...                       ...  \n",
       "49819 2023-06-12 23:41:32.383  \n",
       "49820 2023-06-12 23:36:32.383  \n",
       "49821 2023-06-12 23:31:32.383  \n",
       "49822 2023-06-12 23:26:32.383  \n",
       "49823 2023-06-12 23:21:32.383  \n",
       "\n",
       "[49824 rows x 6 columns]"
      ]
     },
     "execution_count": 15,
     "metadata": {},
     "output_type": "execute_result"
    }
   ],
   "source": [
    "df"
   ]
  },
  {
   "cell_type": "code",
   "execution_count": 16,
   "metadata": {},
   "outputs": [
    {
     "data": {
      "text/html": [
       "<div>\n",
       "<style scoped>\n",
       "    .dataframe tbody tr th:only-of-type {\n",
       "        vertical-align: middle;\n",
       "    }\n",
       "\n",
       "    .dataframe tbody tr th {\n",
       "        vertical-align: top;\n",
       "    }\n",
       "\n",
       "    .dataframe thead th {\n",
       "        text-align: right;\n",
       "    }\n",
       "</style>\n",
       "<table border=\"1\" class=\"dataframe\">\n",
       "  <thead>\n",
       "    <tr style=\"text-align: right;\">\n",
       "      <th></th>\n",
       "      <th>id</th>\n",
       "      <th>machine_id</th>\n",
       "      <th>cpu_util</th>\n",
       "      <th>mem_used</th>\n",
       "      <th>mem_specs</th>\n",
       "      <th>date</th>\n",
       "    </tr>\n",
       "  </thead>\n",
       "  <tbody>\n",
       "    <tr>\n",
       "      <th>49823</th>\n",
       "      <td>50000</td>\n",
       "      <td>1</td>\n",
       "      <td>75.385765</td>\n",
       "      <td>5.116309e+06</td>\n",
       "      <td>16777216.0</td>\n",
       "      <td>2023-06-12 23:21:32.383</td>\n",
       "    </tr>\n",
       "    <tr>\n",
       "      <th>49822</th>\n",
       "      <td>49999</td>\n",
       "      <td>1</td>\n",
       "      <td>80.201147</td>\n",
       "      <td>6.094407e+04</td>\n",
       "      <td>16777216.0</td>\n",
       "      <td>2023-06-12 23:26:32.383</td>\n",
       "    </tr>\n",
       "    <tr>\n",
       "      <th>49821</th>\n",
       "      <td>49998</td>\n",
       "      <td>1</td>\n",
       "      <td>92.371364</td>\n",
       "      <td>9.430799e+06</td>\n",
       "      <td>16777216.0</td>\n",
       "      <td>2023-06-12 23:31:32.383</td>\n",
       "    </tr>\n",
       "    <tr>\n",
       "      <th>49820</th>\n",
       "      <td>49997</td>\n",
       "      <td>1</td>\n",
       "      <td>62.130939</td>\n",
       "      <td>5.589846e+06</td>\n",
       "      <td>16777216.0</td>\n",
       "      <td>2023-06-12 23:36:32.383</td>\n",
       "    </tr>\n",
       "    <tr>\n",
       "      <th>49819</th>\n",
       "      <td>49996</td>\n",
       "      <td>1</td>\n",
       "      <td>67.551178</td>\n",
       "      <td>3.715044e+06</td>\n",
       "      <td>16777216.0</td>\n",
       "      <td>2023-06-12 23:41:32.383</td>\n",
       "    </tr>\n",
       "    <tr>\n",
       "      <th>...</th>\n",
       "      <td>...</td>\n",
       "      <td>...</td>\n",
       "      <td>...</td>\n",
       "      <td>...</td>\n",
       "      <td>...</td>\n",
       "      <td>...</td>\n",
       "    </tr>\n",
       "    <tr>\n",
       "      <th>4</th>\n",
       "      <td>181</td>\n",
       "      <td>1</td>\n",
       "      <td>33.283809</td>\n",
       "      <td>1.571918e+07</td>\n",
       "      <td>16777216.0</td>\n",
       "      <td>2023-12-02 22:56:35.666</td>\n",
       "    </tr>\n",
       "    <tr>\n",
       "      <th>3</th>\n",
       "      <td>180</td>\n",
       "      <td>1</td>\n",
       "      <td>37.512385</td>\n",
       "      <td>1.392484e+07</td>\n",
       "      <td>16777216.0</td>\n",
       "      <td>2023-12-02 23:01:35.666</td>\n",
       "    </tr>\n",
       "    <tr>\n",
       "      <th>2</th>\n",
       "      <td>179</td>\n",
       "      <td>1</td>\n",
       "      <td>31.401498</td>\n",
       "      <td>1.366537e+07</td>\n",
       "      <td>16777216.0</td>\n",
       "      <td>2023-12-02 23:06:35.666</td>\n",
       "    </tr>\n",
       "    <tr>\n",
       "      <th>1</th>\n",
       "      <td>178</td>\n",
       "      <td>1</td>\n",
       "      <td>23.125668</td>\n",
       "      <td>1.500607e+07</td>\n",
       "      <td>16777216.0</td>\n",
       "      <td>2023-12-02 23:11:35.666</td>\n",
       "    </tr>\n",
       "    <tr>\n",
       "      <th>0</th>\n",
       "      <td>177</td>\n",
       "      <td>1</td>\n",
       "      <td>8.914219</td>\n",
       "      <td>1.677722e+07</td>\n",
       "      <td>16777216.0</td>\n",
       "      <td>2023-12-02 23:16:35.666</td>\n",
       "    </tr>\n",
       "  </tbody>\n",
       "</table>\n",
       "<p>49824 rows × 6 columns</p>\n",
       "</div>"
      ],
      "text/plain": [
       "          id  machine_id   cpu_util      mem_used   mem_specs  \\\n",
       "49823  50000           1  75.385765  5.116309e+06  16777216.0   \n",
       "49822  49999           1  80.201147  6.094407e+04  16777216.0   \n",
       "49821  49998           1  92.371364  9.430799e+06  16777216.0   \n",
       "49820  49997           1  62.130939  5.589846e+06  16777216.0   \n",
       "49819  49996           1  67.551178  3.715044e+06  16777216.0   \n",
       "...      ...         ...        ...           ...         ...   \n",
       "4        181           1  33.283809  1.571918e+07  16777216.0   \n",
       "3        180           1  37.512385  1.392484e+07  16777216.0   \n",
       "2        179           1  31.401498  1.366537e+07  16777216.0   \n",
       "1        178           1  23.125668  1.500607e+07  16777216.0   \n",
       "0        177           1   8.914219  1.677722e+07  16777216.0   \n",
       "\n",
       "                         date  \n",
       "49823 2023-06-12 23:21:32.383  \n",
       "49822 2023-06-12 23:26:32.383  \n",
       "49821 2023-06-12 23:31:32.383  \n",
       "49820 2023-06-12 23:36:32.383  \n",
       "49819 2023-06-12 23:41:32.383  \n",
       "...                       ...  \n",
       "4     2023-12-02 22:56:35.666  \n",
       "3     2023-12-02 23:01:35.666  \n",
       "2     2023-12-02 23:06:35.666  \n",
       "1     2023-12-02 23:11:35.666  \n",
       "0     2023-12-02 23:16:35.666  \n",
       "\n",
       "[49824 rows x 6 columns]"
      ]
     },
     "execution_count": 16,
     "metadata": {},
     "output_type": "execute_result"
    }
   ],
   "source": [
    "df.sort_values(by=['date'])"
   ]
  },
  {
   "cell_type": "code",
   "execution_count": 20,
   "metadata": {},
   "outputs": [],
   "source": [
    "cpu_data = df[['cpu_util', 'date']].sort_values(by=['date'])"
   ]
  },
  {
   "cell_type": "code",
   "execution_count": 21,
   "metadata": {},
   "outputs": [
    {
     "data": {
      "text/html": [
       "<div>\n",
       "<style scoped>\n",
       "    .dataframe tbody tr th:only-of-type {\n",
       "        vertical-align: middle;\n",
       "    }\n",
       "\n",
       "    .dataframe tbody tr th {\n",
       "        vertical-align: top;\n",
       "    }\n",
       "\n",
       "    .dataframe thead th {\n",
       "        text-align: right;\n",
       "    }\n",
       "</style>\n",
       "<table border=\"1\" class=\"dataframe\">\n",
       "  <thead>\n",
       "    <tr style=\"text-align: right;\">\n",
       "      <th></th>\n",
       "      <th>cpu_util</th>\n",
       "      <th>date</th>\n",
       "    </tr>\n",
       "  </thead>\n",
       "  <tbody>\n",
       "    <tr>\n",
       "      <th>49823</th>\n",
       "      <td>75.385765</td>\n",
       "      <td>2023-06-12 23:21:32.383</td>\n",
       "    </tr>\n",
       "    <tr>\n",
       "      <th>49822</th>\n",
       "      <td>80.201147</td>\n",
       "      <td>2023-06-12 23:26:32.383</td>\n",
       "    </tr>\n",
       "    <tr>\n",
       "      <th>49821</th>\n",
       "      <td>92.371364</td>\n",
       "      <td>2023-06-12 23:31:32.383</td>\n",
       "    </tr>\n",
       "    <tr>\n",
       "      <th>49820</th>\n",
       "      <td>62.130939</td>\n",
       "      <td>2023-06-12 23:36:32.383</td>\n",
       "    </tr>\n",
       "    <tr>\n",
       "      <th>49819</th>\n",
       "      <td>67.551178</td>\n",
       "      <td>2023-06-12 23:41:32.383</td>\n",
       "    </tr>\n",
       "    <tr>\n",
       "      <th>...</th>\n",
       "      <td>...</td>\n",
       "      <td>...</td>\n",
       "    </tr>\n",
       "    <tr>\n",
       "      <th>4</th>\n",
       "      <td>33.283809</td>\n",
       "      <td>2023-12-02 22:56:35.666</td>\n",
       "    </tr>\n",
       "    <tr>\n",
       "      <th>3</th>\n",
       "      <td>37.512385</td>\n",
       "      <td>2023-12-02 23:01:35.666</td>\n",
       "    </tr>\n",
       "    <tr>\n",
       "      <th>2</th>\n",
       "      <td>31.401498</td>\n",
       "      <td>2023-12-02 23:06:35.666</td>\n",
       "    </tr>\n",
       "    <tr>\n",
       "      <th>1</th>\n",
       "      <td>23.125668</td>\n",
       "      <td>2023-12-02 23:11:35.666</td>\n",
       "    </tr>\n",
       "    <tr>\n",
       "      <th>0</th>\n",
       "      <td>8.914219</td>\n",
       "      <td>2023-12-02 23:16:35.666</td>\n",
       "    </tr>\n",
       "  </tbody>\n",
       "</table>\n",
       "<p>49824 rows × 2 columns</p>\n",
       "</div>"
      ],
      "text/plain": [
       "        cpu_util                    date\n",
       "49823  75.385765 2023-06-12 23:21:32.383\n",
       "49822  80.201147 2023-06-12 23:26:32.383\n",
       "49821  92.371364 2023-06-12 23:31:32.383\n",
       "49820  62.130939 2023-06-12 23:36:32.383\n",
       "49819  67.551178 2023-06-12 23:41:32.383\n",
       "...          ...                     ...\n",
       "4      33.283809 2023-12-02 22:56:35.666\n",
       "3      37.512385 2023-12-02 23:01:35.666\n",
       "2      31.401498 2023-12-02 23:06:35.666\n",
       "1      23.125668 2023-12-02 23:11:35.666\n",
       "0       8.914219 2023-12-02 23:16:35.666\n",
       "\n",
       "[49824 rows x 2 columns]"
      ]
     },
     "execution_count": 21,
     "metadata": {},
     "output_type": "execute_result"
    }
   ],
   "source": [
    "cpu_data"
   ]
  },
  {
   "cell_type": "code",
   "execution_count": 38,
   "metadata": {},
   "outputs": [
    {
     "data": {
