{
 "cells": [
  {
   "cell_type": "code",
   "execution_count": 15,
   "metadata": {},
   "outputs": [],
   "source": [
    "import pandas as pd\n",
    "import numpy as np\n",
    "import matplotlib.pyplot as plt"
   ]
  },
  {
   "cell_type": "code",
   "execution_count": 16,
   "metadata": {},
   "outputs": [],
   "source": [
    "df = pd.read_csv('../output4.csv')"
   ]
  },
  {
   "cell_type": "code",
   "execution_count": 17,
   "metadata": {},
   "outputs": [
    {
     "data": {
      "text/html": [
       "<div>\n",
       "<style scoped>\n",
       "    .dataframe tbody tr th:only-of-type {\n",
       "        vertical-align: middle;\n",
       "    }\n",
       "\n",
       "    .dataframe tbody tr th {\n",
       "        vertical-align: top;\n",
       "    }\n",
       "\n",
       "    .dataframe thead th {\n",
       "        text-align: right;\n",
       "    }\n",
       "</style>\n",
       "<table border=\"1\" class=\"dataframe\">\n",
       "  <thead>\n",
       "    <tr style=\"text-align: right;\">\n",
       "      <th></th>\n",
       "      <th>id</th>\n",
       "      <th>machine_id</th>\n",
       "      <th>cpu_util</th>\n",
       "      <th>mem_used</th>\n",
       "      <th>mem_specs</th>\n",
       "      <th>date</th>\n",
       "    </tr>\n",
       "  </thead>\n",
       "  <tbody>\n",
       "    <tr>\n",
       "      <th>0</th>\n",
       "      <td>177</td>\n",
       "      <td>1</td>\n",
       "      <td>0.000000</td>\n",
       "      <td>1.426568e+07</td>\n",
       "      <td>16777216.0</td>\n",
       "      <td>2023-12-02 23:58:09.966000</td>\n",
       "    </tr>\n",
       "    <tr>\n",
       "      <th>1</th>\n",
       "      <td>178</td>\n",
       "      <td>1</td>\n",
       "      <td>20.146780</td>\n",
       "      <td>1.402017e+07</td>\n",
       "      <td>16777216.0</td>\n",
       "      <td>2023-12-02 23:53:09.966000</td>\n",
       "    </tr>\n",
       "    <tr>\n",
       "      <th>2</th>\n",
       "      <td>179</td>\n",
       "      <td>1</td>\n",
       "      <td>7.155365</td>\n",
       "      <td>1.438418e+07</td>\n",
       "      <td>16777216.0</td>\n",
       "      <td>2023-12-02 23:48:09.966000</td>\n",
       "    </tr>\n",
       "    <tr>\n",
       "      <th>3</th>\n",
       "      <td>180</td>\n",
       "      <td>1</td>\n",
       "      <td>10.862027</td>\n",
       "      <td>1.183270e+07</td>\n",
       "      <td>16777216.0</td>\n",
       "      <td>2023-12-02 23:43:09.966000</td>\n",
       "    </tr>\n",
       "    <tr>\n",
       "      <th>4</th>\n",
       "      <td>181</td>\n",
       "      <td>1</td>\n",
       "      <td>13.347020</td>\n",
       "      <td>1.399091e+07</td>\n",
       "      <td>16777216.0</td>\n",
       "      <td>2023-12-02 23:38:09.966000</td>\n",
       "    </tr>\n",
       "  </tbody>\n",
       "</table>\n",
       "</div>"
      ],
      "text/plain": [
       "    id  machine_id   cpu_util      mem_used   mem_specs  \\\n",
       "0  177           1   0.000000  1.426568e+07  16777216.0   \n",
       "1  178           1  20.146780  1.402017e+07  16777216.0   \n",
       "2  179           1   7.155365  1.438418e+07  16777216.0   \n",
       "3  180           1  10.862027  1.183270e+07  16777216.0   \n",
       "4  181           1  13.347020  1.399091e+07  16777216.0   \n",
       "\n",
       "                         date  \n",
       "0  2023-12-02 23:58:09.966000  \n",
       "1  2023-12-02 23:53:09.966000  \n",
       "2  2023-12-02 23:48:09.966000  \n",
       "3  2023-12-02 23:43:09.966000  \n",
       "4  2023-12-02 23:38:09.966000  "
      ]
     },
     "execution_count": 17,
     "metadata": {},
     "output_type": "execute_result"
    }
   ],
   "source": [
    "df.head()"
   ]
  },
  {
   "cell_type": "code",
   "execution_count": 18,
   "metadata": {},
   "outputs": [
    {
     "data": {
      "text/html": [
       "<div>\n",
       "<style scoped>\n",
       "    .dataframe tbody tr th:only-of-type {\n",
       "        vertical-align: middle;\n",
       "    }\n",
       "\n",
       "    .dataframe tbody tr th {\n",
       "        vertical-align: top;\n",
       "    }\n",
       "\n",
       "    .dataframe thead th {\n",
       "        text-align: right;\n",
       "    }\n",
       "</style>\n",
       "<table border=\"1\" class=\"dataframe\">\n",
       "  <thead>\n",
       "    <tr style=\"text-align: right;\">\n",
       "      <th></th>\n",
       "      <th>machine_id</th>\n",
       "      <th>cpu_util</th>\n",
       "      <th>mem_used</th>\n",
       "      <th>mem_specs</th>\n",
       "      <th>date</th>\n",
       "    </tr>\n",
       "    <tr>\n",
       "      <th>id</th>\n",
       "      <th></th>\n",
       "      <th></th>\n",
       "      <th></th>\n",
       "      <th></th>\n",
       "      <th></th>\n",
       "    </tr>\n",
       "  </thead>\n",
       "  <tbody>\n",
       "    <tr>\n",
       "      <th>177</th>\n",
       "      <td>1</td>\n",
       "      <td>0.000000</td>\n",
       "      <td>1.426568e+07</td>\n",
       "      <td>16777216.0</td>\n",
       "      <td>2023-12-02 23:58:09.966000</td>\n",
       "    </tr>\n",
       "    <tr>\n",
       "      <th>178</th>\n",
       "      <td>1</td>\n",
       "      <td>20.146780</td>\n",
       "      <td>1.402017e+07</td>\n",
       "      <td>16777216.0</td>\n",
       "      <td>2023-12-02 23:53:09.966000</td>\n",
       "    </tr>\n",
       "    <tr>\n",
       "      <th>179</th>\n",
       "      <td>1</td>\n",
       "      <td>7.155365</td>\n",
       "      <td>1.438418e+07</td>\n",
       "      <td>16777216.0</td>\n",
       "      <td>2023-12-02 23:48:09.966000</td>\n",
       "    </tr>\n",
       "    <tr>\n",
       "      <th>180</th>\n",
       "      <td>1</td>\n",
       "      <td>10.862027</td>\n",
       "      <td>1.183270e+07</td>\n",
       "      <td>16777216.0</td>\n",
       "      <td>2023-12-02 23:43:09.966000</td>\n",
       "    </tr>\n",
       "    <tr>\n",
       "      <th>181</th>\n",
       "      <td>1</td>\n",
       "      <td>13.347020</td>\n",
       "      <td>1.399091e+07</td>\n",
       "      <td>16777216.0</td>\n",
       "      <td>2023-12-02 23:38:09.966000</td>\n",
       "    </tr>\n",
       "    <tr>\n",
       "      <th>...</th>\n",
       "      <td>...</td>\n",
       "      <td>...</td>\n",
       "      <td>...</td>\n",
       "      <td>...</td>\n",
       "      <td>...</td>\n",
       "    </tr>\n",
       "    <tr>\n",
       "      <th>49996</th>\n",
       "      <td>1</td>\n",
       "      <td>85.529299</td>\n",
       "      <td>1.279421e+07</td>\n",
       "      <td>16777216.0</td>\n",
       "      <td>2023-06-13 00:23:05.221000</td>\n",
       "    </tr>\n",
       "    <tr>\n",
       "      <th>49997</th>\n",
       "      <td>1</td>\n",
       "      <td>70.088783</td>\n",
       "      <td>1.376659e+07</td>\n",
       "      <td>16777216.0</td>\n",
       "      <td>2023-06-13 00:18:05.221000</td>\n",
       "    </tr>\n",
       "    <tr>\n",
       "      <th>49998</th>\n",
       "      <td>1</td>\n",
       "      <td>87.077240</td>\n",
       "      <td>8.181725e+06</td>\n",
       "      <td>16777216.0</td>\n",
       "      <td>2023-06-13 00:13:05.221000</td>\n",
       "    </tr>\n",
       "    <tr>\n",
       "      <th>49999</th>\n",
       "      <td>1</td>\n",
       "      <td>96.150954</td>\n",
       "      <td>1.104740e+07</td>\n",
       "      <td>16777216.0</td>\n",
       "      <td>2023-06-13 00:08:05.221000</td>\n",
       "    </tr>\n",
       "    <tr>\n",
       "      <th>50000</th>\n",
       "      <td>1</td>\n",
       "      <td>78.346676</td>\n",
       "      <td>9.828498e+06</td>\n",
       "      <td>16777216.0</td>\n",
       "      <td>2023-06-13 00:03:05.221000</td>\n",
       "    </tr>\n",
       "  </tbody>\n",
       "</table>\n",
       "<p>49824 rows × 5 columns</p>\n",
       "</div>"
      ],
      "text/plain": [
       "       machine_id   cpu_util      mem_used   mem_specs  \\\n",
       "id                                                       \n",
       "177             1   0.000000  1.426568e+07  16777216.0   \n",
       "178             1  20.146780  1.402017e+07  16777216.0   \n",
       "179             1   7.155365  1.438418e+07  16777216.0   \n",
       "180             1  10.862027  1.183270e+07  16777216.0   \n",
       "181             1  13.347020  1.399091e+07  16777216.0   \n",
       "...           ...        ...           ...         ...   \n",
       "49996           1  85.529299  1.279421e+07  16777216.0   \n",
       "49997           1  70.088783  1.376659e+07  16777216.0   \n",
       "49998           1  87.077240  8.181725e+06  16777216.0   \n",
       "49999           1  96.150954  1.104740e+07  16777216.0   \n",
       "50000           1  78.346676  9.828498e+06  16777216.0   \n",
       "\n",
       "                             date  \n",
       "id                                 \n",
       "177    2023-12-02 23:58:09.966000  \n",
       "178    2023-12-02 23:53:09.966000  \n",
       "179    2023-12-02 23:48:09.966000  \n",
       "180    2023-12-02 23:43:09.966000  \n",
       "181    2023-12-02 23:38:09.966000  \n",
       "...                           ...  \n",
       "49996  2023-06-13 00:23:05.221000  \n",
       "49997  2023-06-13 00:18:05.221000  \n",
       "49998  2023-06-13 00:13:05.221000  \n",
       "49999  2023-06-13 00:08:05.221000  \n",
       "50000  2023-06-13 00:03:05.221000  \n",
       "\n",
       "[49824 rows x 5 columns]"
      ]
     },
     "execution_count": 18,
     "metadata": {},
     "output_type": "execute_result"
    }
   ],
   "source": [
    "df.set_index('id')"
   ]
  },
  {
   "cell_type": "code",
   "execution_count": 19,
   "metadata": {},
   "outputs": [],
   "source": [
    "df['date'] = pd.to_datetime(df['date'])"
   ]
  },
  {
   "cell_type": "code",
   "execution_count": 20,
   "metadata": {},
   "outputs": [
    {
     "data": {
      "text/html": [
       "<div>\n",
       "<style scoped>\n",
       "    .dataframe tbody tr th:only-of-type {\n",
       "        vertical-align: middle;\n",
       "    }\n",
       "\n",
       "    .dataframe tbody tr th {\n",
       "        vertical-align: top;\n",
       "    }\n",
       "\n",
       "    .dataframe thead th {\n",
       "        text-align: right;\n",
       "    }\n",
       "</style>\n",
       "<table border=\"1\" class=\"dataframe\">\n",
       "  <thead>\n",
       "    <tr style=\"text-align: right;\">\n",
       "      <th></th>\n",
       "      <th>id</th>\n",
       "      <th>machine_id</th>\n",
       "      <th>cpu_util</th>\n",
       "      <th>mem_used</th>\n",
       "      <th>mem_specs</th>\n",
       "      <th>date</th>\n",
       "    </tr>\n",
       "  </thead>\n",
       "  <tbody>\n",
       "    <tr>\n",
       "      <th>0</th>\n",
       "      <td>177</td>\n",
       "      <td>1</td>\n",
       "      <td>0.000000</td>\n",
       "      <td>1.426568e+07</td>\n",
       "      <td>16777216.0</td>\n",
       "      <td>2023-12-02 23:58:09.966</td>\n",
       "    </tr>\n",
       "    <tr>\n",
       "      <th>1</th>\n",
       "      <td>178</td>\n",
       "      <td>1</td>\n",
       "      <td>20.146780</td>\n",
       "      <td>1.402017e+07</td>\n",
       "      <td>16777216.0</td>\n",
       "      <td>2023-12-02 23:53:09.966</td>\n",
       "    </tr>\n",
       "    <tr>\n",
       "      <th>2</th>\n",
       "      <td>179</td>\n",
       "      <td>1</td>\n",
       "      <td>7.155365</td>\n",
       "      <td>1.438418e+07</td>\n",
       "      <td>16777216.0</td>\n",
       "      <td>2023-12-02 23:48:09.966</td>\n",
       "    </tr>\n",
       "    <tr>\n",
       "      <th>3</th>\n",
       "      <td>180</td>\n",
       "      <td>1</td>\n",
       "      <td>10.862027</td>\n",
       "      <td>1.183270e+07</td>\n",
       "      <td>16777216.0</td>\n",
       "      <td>2023-12-02 23:43:09.966</td>\n",
       "    </tr>\n",
       "    <tr>\n",
       "      <th>4</th>\n",
       "      <td>181</td>\n",
       "      <td>1</td>\n",
       "      <td>13.347020</td>\n",
       "      <td>1.399091e+07</td>\n",
       "      <td>16777216.0</td>\n",
       "      <td>2023-12-02 23:38:09.966</td>\n",
       "    </tr>\n",
       "    <tr>\n",
       "      <th>...</th>\n",
       "      <td>...</td>\n",
       "      <td>...</td>\n",
       "      <td>...</td>\n",
       "      <td>...</td>\n",
       "      <td>...</td>\n",
       "      <td>...</td>\n",
       "    </tr>\n",
       "    <tr>\n",
       "      <th>49819</th>\n",
       "      <td>49996</td>\n",
       "      <td>1</td>\n",
       "      <td>85.529299</td>\n",
       "      <td>1.279421e+07</td>\n",
       "      <td>16777216.0</td>\n",
       "      <td>2023-06-13 00:23:05.221</td>\n",
       "    </tr>\n",
       "    <tr>\n",
       "      <th>49820</th>\n",
       "      <td>49997</td>\n",
       "      <td>1</td>\n",
       "      <td>70.088783</td>\n",
       "      <td>1.376659e+07</td>\n",
       "      <td>16777216.0</td>\n",
       "      <td>2023-06-13 00:18:05.221</td>\n",
       "    </tr>\n",
       "    <tr>\n",
       "      <th>49821</th>\n",
       "      <td>49998</td>\n",
       "      <td>1</td>\n",
       "      <td>87.077240</td>\n",
       "      <td>8.181725e+06</td>\n",
       "      <td>16777216.0</td>\n",
       "      <td>2023-06-13 00:13:05.221</td>\n",
       "    </tr>\n",
       "    <tr>\n",
       "      <th>49822</th>\n",
       "      <td>49999</td>\n",
       "      <td>1</td>\n",
       "      <td>96.150954</td>\n",
       "      <td>1.104740e+07</td>\n",
       "      <td>16777216.0</td>\n",
       "      <td>2023-06-13 00:08:05.221</td>\n",
       "    </tr>\n",
       "    <tr>\n",
       "      <th>49823</th>\n",
       "      <td>50000</td>\n",
       "      <td>1</td>\n",
       "      <td>78.346676</td>\n",
       "      <td>9.828498e+06</td>\n",
       "      <td>16777216.0</td>\n",
       "      <td>2023-06-13 00:03:05.221</td>\n",
       "    </tr>\n",
       "  </tbody>\n",
       "</table>\n",
       "<p>49824 rows × 6 columns</p>\n",
       "</div>"
      ],
      "text/plain": [
       "          id  machine_id   cpu_util      mem_used   mem_specs  \\\n",
       "0        177           1   0.000000  1.426568e+07  16777216.0   \n",
       "1        178           1  20.146780  1.402017e+07  16777216.0   \n",
       "2        179           1   7.155365  1.438418e+07  16777216.0   \n",
       "3        180           1  10.862027  1.183270e+07  16777216.0   \n",
       "4        181           1  13.347020  1.399091e+07  16777216.0   \n",
       "...      ...         ...        ...           ...         ...   \n",
       "49819  49996           1  85.529299  1.279421e+07  16777216.0   \n",
       "49820  49997           1  70.088783  1.376659e+07  16777216.0   \n",
       "49821  49998           1  87.077240  8.181725e+06  16777216.0   \n",
       "49822  49999           1  96.150954  1.104740e+07  16777216.0   \n",
       "49823  50000           1  78.346676  9.828498e+06  16777216.0   \n",
       "\n",
       "                         date  \n",
       "0     2023-12-02 23:58:09.966  \n",
       "1     2023-12-02 23:53:09.966  \n",
       "2     2023-12-02 23:48:09.966  \n",
       "3     2023-12-02 23:43:09.966  \n",
       "4     2023-12-02 23:38:09.966  \n",
       "...                       ...  \n",
       "49819 2023-06-13 00:23:05.221  \n",
       "49820 2023-06-13 00:18:05.221  \n",
       "49821 2023-06-13 00:13:05.221  \n",
       "49822 2023-06-13 00:08:05.221  \n",
       "49823 2023-06-13 00:03:05.221  \n",
       "\n",
       "[49824 rows x 6 columns]"
      ]
     },
     "execution_count": 20,
     "metadata": {},
     "output_type": "execute_result"
    }
   ],
   "source": [
    "df"
   ]
  },
  {
   "cell_type": "code",
   "execution_count": 7,
   "metadata": {},
   "outputs": [
    {
     "data": {
      "text/html": [
       "<div>\n",
       "<style scoped>\n",
       "    .dataframe tbody tr th:only-of-type {\n",
       "        vertical-align: middle;\n",
       "    }\n",
       "\n",
       "    .dataframe tbody tr th {\n",
       "        vertical-align: top;\n",
       "    }\n",
       "\n",
       "    .dataframe thead th {\n",
       "        text-align: right;\n",
       "    }\n",
       "</style>\n",
       "<table border=\"1\" class=\"dataframe\">\n",
       "  <thead>\n",
       "    <tr style=\"text-align: right;\">\n",
       "      <th></th>\n",
       "      <th>id</th>\n",
       "      <th>machine_id</th>\n",
       "      <th>cpu_util</th>\n",
       "      <th>mem_used</th>\n",
       "      <th>mem_specs</th>\n",
       "      <th>date</th>\n",
       "    </tr>\n",
       "  </thead>\n",
       "  <tbody>\n",
       "    <tr>\n",
       "      <th>49823</th>\n",
       "      <td>50000</td>\n",
       "      <td>1</td>\n",
       "      <td>78.346676</td>\n",
       "      <td>9.828498e+06</td>\n",
       "      <td>16777216.0</td>\n",
       "      <td>2023-06-13 00:03:05.221</td>\n",
       "    </tr>\n",
       "    <tr>\n",
       "      <th>49822</th>\n",
       "      <td>49999</td>\n",
       "      <td>1</td>\n",
       "      <td>96.150954</td>\n",
       "      <td>1.104740e+07</td>\n",
       "      <td>16777216.0</td>\n",
       "      <td>2023-06-13 00:08:05.221</td>\n",
       "    </tr>\n",
       "    <tr>\n",
       "      <th>49821</th>\n",
       "      <td>49998</td>\n",
       "      <td>1</td>\n",
       "      <td>87.077240</td>\n",
       "      <td>8.181725e+06</td>\n",
       "      <td>16777216.0</td>\n",
       "      <td>2023-06-13 00:13:05.221</td>\n",
       "    </tr>\n",
       "    <tr>\n",
       "      <th>49820</th>\n",
       "      <td>49997</td>\n",
       "      <td>1</td>\n",
       "      <td>70.088783</td>\n",
       "      <td>1.376659e+07</td>\n",
       "      <td>16777216.0</td>\n",
       "      <td>2023-06-13 00:18:05.221</td>\n",
       "    </tr>\n",
       "    <tr>\n",
       "      <th>49819</th>\n",
       "      <td>49996</td>\n",
       "      <td>1</td>\n",
       "      <td>85.529299</td>\n",
       "      <td>1.279421e+07</td>\n",
       "      <td>16777216.0</td>\n",
       "      <td>2023-06-13 00:23:05.221</td>\n",
       "    </tr>\n",
       "    <tr>\n",
       "      <th>...</th>\n",
       "      <td>...</td>\n",
       "      <td>...</td>\n",
       "      <td>...</td>\n",
       "      <td>...</td>\n",
       "      <td>...</td>\n",
       "      <td>...</td>\n",
       "    </tr>\n",
       "    <tr>\n",
       "      <th>4</th>\n",
       "      <td>181</td>\n",
       "      <td>1</td>\n",
       "      <td>13.347020</td>\n",
       "      <td>1.399091e+07</td>\n",
       "      <td>16777216.0</td>\n",
       "      <td>2023-12-02 23:38:09.966</td>\n",
       "    </tr>\n",
       "    <tr>\n",
       "      <th>3</th>\n",
       "      <td>180</td>\n",
       "      <td>1</td>\n",
       "      <td>10.862027</td>\n",
       "      <td>1.183270e+07</td>\n",
       "      <td>16777216.0</td>\n",
       "      <td>2023-12-02 23:43:09.966</td>\n",
       "    </tr>\n",
       "    <tr>\n",
       "      <th>2</th>\n",
       "      <td>179</td>\n",
       "      <td>1</td>\n",
       "      <td>7.155365</td>\n",
       "      <td>1.438418e+07</td>\n",
       "      <td>16777216.0</td>\n",
       "      <td>2023-12-02 23:48:09.966</td>\n",
       "    </tr>\n",
       "    <tr>\n",
       "      <th>1</th>\n",
       "      <td>178</td>\n",
       "      <td>1</td>\n",
       "      <td>20.146780</td>\n",
       "      <td>1.402017e+07</td>\n",
       "      <td>16777216.0</td>\n",
       "      <td>2023-12-02 23:53:09.966</td>\n",
       "    </tr>\n",
       "    <tr>\n",
       "      <th>0</th>\n",
       "      <td>177</td>\n",
       "      <td>1</td>\n",
       "      <td>0.000000</td>\n",
       "      <td>1.426568e+07</td>\n",
       "      <td>16777216.0</td>\n",
       "      <td>2023-12-02 23:58:09.966</td>\n",
       "    </tr>\n",
       "  </tbody>\n",
       "</table>\n",
       "<p>49824 rows × 6 columns</p>\n",
       "</div>"
      ],
      "text/plain": [
       "          id  machine_id   cpu_util      mem_used   mem_specs  \\\n",
       "49823  50000           1  78.346676  9.828498e+06  16777216.0   \n",
       "49822  49999           1  96.150954  1.104740e+07  16777216.0   \n",
       "49821  49998           1  87.077240  8.181725e+06  16777216.0   \n",
       "49820  49997           1  70.088783  1.376659e+07  16777216.0   \n",
       "49819  49996           1  85.529299  1.279421e+07  16777216.0   \n",
       "...      ...         ...        ...           ...         ...   \n",
       "4        181           1  13.347020  1.399091e+07  16777216.0   \n",
       "3        180           1  10.862027  1.183270e+07  16777216.0   \n",
       "2        179           1   7.155365  1.438418e+07  16777216.0   \n",
       "1        178           1  20.146780  1.402017e+07  16777216.0   \n",
       "0        177           1   0.000000  1.426568e+07  16777216.0   \n",
       "\n",
       "                         date  \n",
       "49823 2023-06-13 00:03:05.221  \n",
       "49822 2023-06-13 00:08:05.221  \n",
       "49821 2023-06-13 00:13:05.221  \n",
       "49820 2023-06-13 00:18:05.221  \n",
       "49819 2023-06-13 00:23:05.221  \n",
       "...                       ...  \n",
       "4     2023-12-02 23:38:09.966  \n",
       "3     2023-12-02 23:43:09.966  \n",
       "2     2023-12-02 23:48:09.966  \n",
       "1     2023-12-02 23:53:09.966  \n",
       "0     2023-12-02 23:58:09.966  \n",
       "\n",
       "[49824 rows x 6 columns]"
      ]
     },
     "execution_count": 7,
     "metadata": {},
     "output_type": "execute_result"
    }
   ],
   "source": [
    "df.sort_values(by=['date'])"
   ]
  },
  {
   "cell_type": "code",
   "execution_count": 8,
   "metadata": {},
   "outputs": [],
   "source": [
    "cpu_data = df[['cpu_util', 'date']].sort_values(by=['date'])"
   ]
  },
  {
   "cell_type": "code",
   "execution_count": 9,
   "metadata": {},
   "outputs": [
    {
     "data": {
      "text/html": [
       "<div>\n",
       "<style scoped>\n",
       "    .dataframe tbody tr th:only-of-type {\n",
       "        vertical-align: middle;\n",
       "    }\n",
       "\n",
       "    .dataframe tbody tr th {\n",
       "        vertical-align: top;\n",
       "    }\n",
       "\n",
       "    .dataframe thead th {\n",
       "        text-align: right;\n",
       "    }\n",
       "</style>\n",
       "<table border=\"1\" class=\"dataframe\">\n",
       "  <thead>\n",
       "    <tr style=\"text-align: right;\">\n",
       "      <th></th>\n",
       "      <th>cpu_util</th>\n",
       "      <th>date</th>\n",
       "    </tr>\n",
       "  </thead>\n",
       "  <tbody>\n",
       "    <tr>\n",
       "      <th>49823</th>\n",
       "      <td>78.346676</td>\n",
       "      <td>2023-06-13 00:03:05.221</td>\n",
       "    </tr>\n",
       "    <tr>\n",
       "      <th>49822</th>\n",
       "      <td>96.150954</td>\n",
       "      <td>2023-06-13 00:08:05.221</td>\n",
       "    </tr>\n",
       "    <tr>\n",
       "      <th>49821</th>\n",
       "      <td>87.077240</td>\n",
       "      <td>2023-06-13 00:13:05.221</td>\n",
       "    </tr>\n",
       "    <tr>\n",
       "      <th>49820</th>\n",
       "      <td>70.088783</td>\n",
       "      <td>2023-06-13 00:18:05.221</td>\n",
       "    </tr>\n",
       "    <tr>\n",
       "      <th>49819</th>\n",
       "      <td>85.529299</td>\n",
       "      <td>2023-06-13 00:23:05.221</td>\n",
       "    </tr>\n",
       "    <tr>\n",
       "      <th>...</th>\n",
       "      <td>...</td>\n",
       "      <td>...</td>\n",
       "    </tr>\n",
       "    <tr>\n",
       "      <th>4</th>\n",
       "      <td>13.347020</td>\n",
       "      <td>2023-12-02 23:38:09.966</td>\n",
       "    </tr>\n",
       "    <tr>\n",
       "      <th>3</th>\n",
       "      <td>10.862027</td>\n",
       "      <td>2023-12-02 23:43:09.966</td>\n",
       "    </tr>\n",
       "    <tr>\n",
       "      <th>2</th>\n",
       "      <td>7.155365</td>\n",
       "      <td>2023-12-02 23:48:09.966</td>\n",
       "    </tr>\n",
       "    <tr>\n",
       "      <th>1</th>\n",
       "      <td>20.146780</td>\n",
       "      <td>2023-12-02 23:53:09.966</td>\n",
       "    </tr>\n",
       "    <tr>\n",
       "      <th>0</th>\n",
       "      <td>0.000000</td>\n",
       "      <td>2023-12-02 23:58:09.966</td>\n",
       "    </tr>\n",
       "  </tbody>\n",
       "</table>\n",
       "<p>49824 rows × 2 columns</p>\n",
       "</div>"
      ],
      "text/plain": [
       "        cpu_util                    date\n",
       "49823  78.346676 2023-06-13 00:03:05.221\n",
       "49822  96.150954 2023-06-13 00:08:05.221\n",
       "49821  87.077240 2023-06-13 00:13:05.221\n",
       "49820  70.088783 2023-06-13 00:18:05.221\n",
       "49819  85.529299 2023-06-13 00:23:05.221\n",
       "...          ...                     ...\n",
       "4      13.347020 2023-12-02 23:38:09.966\n",
       "3      10.862027 2023-12-02 23:43:09.966\n",
       "2       7.155365 2023-12-02 23:48:09.966\n",
       "1      20.146780 2023-12-02 23:53:09.966\n",
       "0       0.000000 2023-12-02 23:58:09.966\n",
       "\n",
       "[49824 rows x 2 columns]"
      ]
     },
     "execution_count": 9,
     "metadata": {},
     "output_type": "execute_result"
    }
   ],
   "source": [
    "cpu_data"
   ]
  },
  {
   "cell_type": "code",
   "execution_count": 10,
   "metadata": {},
   "outputs": [
    {
     "data": {
